1 5 8
1 10 20
20 25 24
40 50 110
55 85 116
1 100 119
25 75 116
50 150 122
80 140 122
65 300 128
100 127 114
115 135 122
62 124 119
58 35 113
87 96 106
57 345 144
68 74 116
85 126 119
64 387 144
45 89 116
24 25 24
24 24 11
15 65 113
89 97 119
36 48 110
25 78 116
215 369 144
321 654 145
879 2160 182
965 3201 217
265 489 144
1523 1896 180
2000 2647 209
2811 3250 217
1547 1648 167
9875 10005 242
6321 6521 200
123 234 128
456 654 145
87 135 122
654 1236 182
12 12 10
555 555 31
14 14 18
23 23 16
248 248 110
698 698 34
2 2 2
51 51 25
65 65 28
87 87 31
5 1 8
10 1 20
25 20 24
50 40 110
85 55 116
100 1 119
75 25 116
150 50 122
140 80 122
300 65 128
127 100 114
135 115 122
124 62 119
35 58 113
96 87 106
345 57 144
74 68 116
126 85 119
387 64 144
89 45 116
25 24 24
24 24 11
65 15 113
97 89 119
48 36 110
78 25 116
369 215 144
654 321 145
2160 879 182
3201 965 217
489 265 144
1896 1523 180
2647 2000 209
3250 2811 217
1648 1547 167
10005 9875 242
6521 6321 200
234 123 128
654 456 145
135 87 122
1236 654 182
10000 11000 268
10145 11458 268
10458 11568 268
11254 12587 263
21659 21479 194
23564 24503 251
25034 28931 308
28964 30145 272
31569 35469 311
11000 10000 268
11458 10145 268
11568 10458 268
12587 11254 263
21479 21659 194
24503 23564 251
28931 25034 308
30145 28964 272
35469 31569 311
40000 100000 351
65487 98756 351
24568 47863 324
12346 68222 340
4587 56214 340
1 99999 351
99999 1 351
